0 0
10 0
10 10
0 10
0 0

10 6
19 6
19 15
10 15
10 6

3 10
10 10
10 17
3 17
3 10

13 0
19 0
19 6
13 6
13 0

15 15
19 15
19 19
15 19
15 15

11 15
15 15
15 19
11 19
11 15

10 3
13 3
13 6
10 6
10 3

10 0
13 0
13 3
10 3
10 0

0 16
3 16
3 19
0 19
0 16

0 13
3 13
3 16
0 16
0 13

0 10
3 10
3 13
0 13
0 10

9 17
11 17
11 19
9 19
9 17

7 17
9 17
9 19
7 19
7 17

3 17
5 17
5 19
3 19
3 17

10 16
11 16
11 17
10 17
10 16

10 15
11 15
11 16
10 16
10 15

6 18
7 18
7 19
6 19
6 18

6 17
7 17
7 18
6 18
6 17

5 18
6 18
6 19
5 19
5 18

5 17
6 17
6 18
5 18
5 17

